0.0,5.0,10.0,15.0,20.0,25.0,30.0,35.0,40.0,45.0,50.0,55.0,60.0,65.0,70.0,75.0,80.0,85.0,90.0,95.0,100.0,105.0,110.0,115.0,120.0,125.0,130.0,135.0,140.0,145.0,150.0,155.0,160.0,165.0,170.0,175.0,180.0,185.0,190.0,195.0,200.0
17,13,10,12,20,13,5,9,13,8,5,5,5,7,3,8,2,2,3,3,0,1,2,6,2,9,3,3,3,1,1,0,1,12,3,0,1,0,0,0
3,8,10,6,7,11,9,8,9,6,7,6,5,6,6,4,6,9,5,4,7,0,3,5,2,5,4,3,1,2,2,0,0,0,1,1,0,3,1,1
17,7,10,6,7,6,13,12,21,11,15,5,8,8,8,7,9,6,8,8,5,1,3,1,3,5,3,1,4,0,3,4,1,4,3,3,3,3,2,2
12,10,7,8,11,8,13,8,6,8,3,8,7,19,15,5,5,9,13,8,8,4,4,8,3,5,5,7,3,1,4,3,5,4,5,5,7,2,1,2
26,25,32,25,39,26,29,26,21,14,13,11,14,15,10,5,6,7,4,10,7,4,6,6,3,5,6,1,2,10,5,1,4,7,2,1,2,1,1,5
27,49,35,37,44,33,41,27,23,13,16,13,19,9,18,7,3,8,11,11,7,3,2,9,4,5,3,1,4,3,3,3,3,2,1,3,1,1,2,0
65,53,77,78,57,42,38,38,43,19,18,17,8,16,13,9,4,5,5,6,7,3,3,9,6,5,4,1,4,4,3,3,2,0,2,1,1,4,3,1
53,91,71,61,60,57,47,56,33,31,21,19,18,18,7,10,7,7,7,4,3,12,5,6,2,2,2,4,5,3,2,3,0,1,3,2,3,2,1,16
137,71,55,38,41,21,17,16,15,13,9,6,10,6,2,3,7,5,3,3,2,3,4,2,2,5,2,4,0,5,1,0,1,1,1,1,3,1,0,3
78,57,36,28,28,16,22,13,23,13,11,14,6,10,4,2,12,6,7,4,5,3,5,5,6,3,13,4,2,5,2,0,4,0,2,0,1,1,2,1
115,71,45,36,19,8,17,7,9,5,2,5,7,3,3,4,8,2,4,2,2,0,1,0,0,0,0,0,1,1,2,1,1,0,0,0,1,0,0,0
